Barack Obama
